100
2
0.2500 0.5000 0.5000 0.2500
3
0.0000 0.0000 0.0000 0.0009 0.0013 0.1776
1
1.0000 0.1234
4
0.3997 0.3997 0.3995 0.3999 0.4004 0.3999 0.3996 0.4004
4
0.4005 0.3997 0.3999 0.3998 0.3998 0.3997 0.4004 0.4005
3
0.0421 0.4413 0.0397 0.4523 0.9711 0.6870
4
0.9055 0.2624 0.0939 0.5533 0.8532 0.2183 0.6144 0.3374
4
0.1836 0.9916 0.6417 0.8323 0.3006 0.3087 0.2843 0.1183
2
0.9998 1.0000 0.9999 0.9997
4
0.7017 0.4151 0.0643 0.9042 0.4004 0.7059 0.9308 0.1453
2
0.1428 0.0831 0.0037 0.6097
4
0.8320 0.7933 0.2452 0.3217 0.7540 0.7598 0.7351 0.3781
4
0.4002 0.4001 0.3995 0.3999 0.4002 0.4003 0.4001 0.3997
4
0.8902 0.6098 0.9152 0.6381 0.9723 0.2966 0.7995 0.5758
4
0.0001 0.0001 0.0001 0.0001 0.0001 0.0001 0.0001 0.0001
4
0.5928 0.8178 0.9711 0.4786 0.8596 0.5077 0.3004 0.4168
4
0.3963 0.6999 0.4561 0.1679 0.9465 0.9048 0.9196 0.9487
4
0.5000 0.6000 0.4000 0.6000 0.4000 0.6000 0.4000 0.5000
2
0.9999 1.0000 1.0000 0.9999
3
0.7686 0.2293 0.6386 0.4678 0.5910 0.4811
4
0.4476 0.4165 0.3141 0.0078 0.2140 0.8170 0.3640 0.1188
4
1.0000 1.0000 0.0000 0.0000 1.0000 0.0000 1.0000 0.0000
4
0.7371 0.4532 0.9436 0.0525 0.1239 0.2964 0.8715 0.1809
3
0.1329 0.6277 0.9893 0.5071 0.6745 0.8238
4
0.4996 0.4999 0.5002 0.5000 0.4998 1.0000 0.4997 0.5001
4
0.0007 0.0007 0.0007 0.0007 0.0007 0.0007 0.0007 0.0007
4
0.4938 0.4042 0.8530 0.6863 0.1849 0.6179 0.2252 0.9672
4
0.3275 0.6231 0.7436 0.0068 0.7528 0.5045 0.0393 0.2053
2
0.5000 0.5002 0.4999 0.5001
4
1.0000 1.0000 0.0000 1.0000 1.0000 1.0000 0.0000 0.0000
3
0.8432 0.5450 0.4734 0.8073 0.2347 0.8140
3
0.3338 0.8289 0.8663 0.5232 0.0251 0.2890
4
0.4999 0.4996 0.4998 0.4996 0.4999 0.4997 0.4997 0.4998
4
0.6321 0.3714 0.9443 0.8770 0.7979 0.0980 0.5474 0.0045
4
0.9327 0.8554 0.1015 0.1613 0.1957 0.0018 0.3788 0.2505
2
0.8210 0.3539 0.5372 0.8599
4
0.6833 0.5583 0.8855 0.0659 0.0224 0.6991 0.0158 0.7072
4
0.4246 0.6168 0.9333 0.6321 0.6373 0.6059 0.5169 0.6163
2
0.9549 0.6981 0.9072 0.5210
4
0.1885 0.9509 0.5026 0.6957 0.0410 0.8044 0.5082 0.1641
2
0.9285 0.1611 0.7014 0.4257
2
0.1736 0.7780 0.2011 0.7354
4
0.9810 0.9810 0.9810 0.9810 0.9810 0.9810 0.9810 0.9810
4
0.1242 0.7331 0.9424 0.7627 0.5055 0.6573 0.7491 0.1349
1
0.0000 1.0000
2
0.5000 0.4999 0.4999 0.5000
4
0.5071 0.7302 0.6958 0.4202 0.6384 0.4457 0.1688 0.7381
2
0.9473 0.6340 0.1409 0.7063
3
0.5857 0.4868 0.8708 0.4281 0.5699 0.5312
2
0.8998 0.0219 0.3487 0.5638
3
0.4402 0.2559 0.0610 0.1172 0.6504 0.9699
4
0.3997 0.3999 0.4005 0.4003 0.3996 0.3995 0.3996 0.3999
4
0.5918 0.4516 0.6048 0.3933 0.7559 0.3466 0.9346 0.0006
4
0.3995 0.3996 0.4000 0.4001 0.4002 0.4004 0.4003 0.4000
4
1.0000 0.5000 0.1000 0.3000 0.4000 0.6000 0.7000 0.2000
4
0.6667 0.8889 0.5556 0.4444 0.1111 0.2222 0.3333 0.7778
4
0.0856 0.0780 0.9399 0.9796 0.5849 0.1103 0.2115 0.6163
2
0.4999 0.5000 0.5001 0.5000
4
0.3090 0.7599 0.5038 0.2390 0.3001 0.7185 0.1417 0.8726
4
0.5000 0.6000 0.4000 0.7000 0.2000 0.3000 0.0000 0.1000
4
0.3989 0.3989 0.3989 0.3989 0.3989 0.3989 0.3989 0.3989
2
0.9853 0.0419 0.2363 0.1967
2
0.0758 0.2222 0.8542 0.3690
3
0.8261 0.0417 0.3596 0.3156 0.6385 0.4243
2
0.6063 0.6889 0.4088 0.4622
2
0.8310 0.3121 0.3495 0.3412
1
0.1234 0.9876
2
0.1076 0.1235 0.5968 0.1905
3
0.8573 0.6421 0.6228 0.4006 0.7186 0.6898
2
0.2237 0.7693 0.3524 0.4515
2
0.7611 0.9905 0.5114 0.1317
2
1.0000 0.5000 0.0000 0.5000
4
0.3382 0.9380 0.3397 0.9430 0.6545 0.9775 0.3095 0.0496
2
1.0000 0.9999 1.0000 1.0000
4
0.3823 0.9391 0.4025 0.5739 0.6663 0.4261 0.7478 0.7540
4
0.8055 0.5635 0.0668 0.0569 0.0570 0.1593 0.0937 0.9466
4
0.3412 0.0809 0.2201 0.3748 0.8495 0.2593 0.7210 0.5301
4
0.0122 0.1558 0.5239 0.1854 0.0370 0.3869 0.7721 0.2161
3
0.0679 0.5446 0.7498 0.0020 0.4676 0.0605
2
0.0004 0.0001 0.0003 0.0002
4
0.1817 0.8701 0.7708 0.0456 0.6759 0.9098 0.7430 0.4290
4
0.7711 0.3102 0.9505 0.2530 0.6371 0.3645 0.3176 0.5307
4
0.9226 0.1944 0.1375 0.6621 0.2451 0.7745 0.3208 0.0183
2
0.7726 0.8936 0.8189 0.6897
4
0.9112 0.2913 0.6457 0.5748 0.8300 0.1896 0.1176 0.1226
4
0.2392 0.8093 0.3922 0.3305 0.2622 0.5554 0.3440 0.6063
3
0.0124 0.6202 0.2925 0.0114 0.2793 0.0343
4
0.4998 0.4996 0.0000 0.4997 0.5000 0.4999 0.5001 0.5002
3
0.9873 0.4098 0.9054 0.0890 0.9535 0.1042
3
0.8334 0.0208 0.5609 0.7392 0.4103 0.6237
1
1.0000 1.0000
3
0.4951 0.9669 0.7114 0.7529 0.2816 0.9552
2
0.7436 0.8571 0.4479 0.0314
4
0.5001 0.4997 0.5002 0.4998 0.5000 0.5003 0.4999 0.4996
1
0.0000 0.0000
4
0.4641 0.1394 0.0330 0.7512 0.4572 0.3586 0.9903 0.8826
4
0.7814 0.4249 0.8246 0.2583 0.3707 0.1392 0.3359 0.5875
4
0.2125 0.2263 0.6193 0.4604 0.8815 0.1219 0.1652 0.6634
2
0.8500 0.4334 0.3446 0.0467
4
0.8530 0.5893 0.5712 0.7374 0.1648 0.4831 0.2812 0.3797
